239893350
200871780
201682080
201663100
202317180
201656895
201879910
204116995
249510370
210346815
209361315
245841390
207307825
209168960
204624710
246539635
204699535
202651885
201791945
209351095
204180140
251532470
208351360
246957925
201677335
204956495
208857980
208884990
248008030
209930350
201679890
244862460
206796095
201844870
204344390
197319235
202690940
201788660
248807015
201840855
201744130
201819320
204772170
201743400
209756245
202450770
199813280
202378865
203780830
209114940
201928820
201810925
201815670
209007265
209543085
201825890
202182495
201968970
209076615
204099110
252164285
201711645
209148885
203450505
205583565
247026545
209349270
202135775
201739385
207014730
201669305
205185350
202092705
209413875
247420380
244455120
202320100
202021895
201780995
244306200
209552210
202205490
201902175
204174665
208974780
204554265
202214615
204981315
201744860
204911600
209630685
203537375
209080995
201744860
204162620
202095260
205405810
209819755
244447090
203815140
208759065
209113845
197294415
247114510
209569730
209089025
201656895
209528120
254563795
201624045
201604335
210059560
209634700
202361345
209604040
202288710
203369840
209428110
246723230
202085405
201772600
206861795
201516005
208941565
202044525
197702485
205229515
201862025
197565245
203912960
209056540
251591600
248860305
203575700
208934995
209537245
201666750
201778440
205021465
254776225
209252910
197180535
239992265
201881005
202952645
201678430
202446025
201761650
201633535
202216805
203777545
208762715
201645215
194984330
209553670
211899890
212089690
201772235
209988750
209036465
251681390
204541490
201823700
244828150
204997375
202253670
201526590
202412810
197963460
209454755
209628495
244710255
242993660
209122605
204691870
245411055
202018245
209130635
208805420
201693030
209410955
204237445
209483955
245451935
209404750
207558945
209151440
245065035
210646845
209361315
206884425
209805520
201925170
209713175
209172610
201721135
244927065
244801505
245101900
211429405
209237215
246006735
208545175
201002815
201994155
202375215
201714565
201912030
204192915
197206815
210907090
208897400
202262430
209587980
201754350
249785945
209347445
197031250
201556520
202966515
247472210
201613095
199886280
201557615
202033940
201642295
244641270
209604040
201840490
209657330
202135775
201813845
202950455
196885980
242463680
202072630
202012770
197428370
210977535
244779605
201943055
205514945
208813815
244478115
207160365
209177355
201631710
201972620
245889570
205032050
209075155
201988680
201705805
247071075
201783185
201955465
209117495
244767560
202085770
201932105
247557255
196990735
202151835
209336860
202612465
201500310
209679960
246848790
202089420
201959845
209605865
206717620
202670500
209339780
201514910
204671065
210445000
201823700
245212130
201977365
208890830
204141085
201032380
201863485
201827350
247496665
205796725
208472175
252394235
250771810
209424460
207373160
205340840
208982080
201711645
249021635
209378470
244420445
247200285
201751065
201574040
201618570
201564185
211674320
251999305
207159635
204707565
201813115
202172275
245160665
209320800
244290870
197181630
201681715
245993960
201598860
209070775
202643855
201814210
212722965
201784645
247486445
244444535
207119485
209556955
209348540
253081165
201991965
202455515
247300660
201788295
209437235
201740480
209603675
201813480
201607985
209058000
209304010
202166800
201710915
202324845
201733180
201752160
244742010
202055840
201792675
209521915
201649960
204649895
201481695
196983070
201997440
202211330
201862390
244530310
251553640
203227490
209514615
210013205
202191620
209152900
201990870
201865310
202030290
212383880
197174695
202015325
244604040
201785375
244682150
249315460
244549290
204303875
202489460
201845600
210463250
247166705
204979125
204949560
201825890
245552675
247936855
209905165
209496730
212113415
207346515
201643755
202291995
201693760
210158110
252899760
203364365
210068685
201686460
209235390
245432590
205113445
252599365
202116430
208117030
202391275
209305835
202037225
204623615
201768585
204859770
197071765
244678135
252175600
209569730
244616815
201726975
202003280
197231635
247237880
201887575
209960280
202396750
244944585
204794435
198877420
210112120
204843710
200957920
204960145
201836840
209431760
212036035
209263860
201683905
208822210
240917905
206406640
249576435
204382350
202142710
202589835
204239635
201992695
209323720
209237945
202189065
247835385
202164975
201900715
247172910
209208015
201965320
201829540
246756810
209232835
202120080
201963860
201617475
203964425
204205690
247794505
202323020
201639010
201812020
201762015
209264955
204596605
245000430
209387960
251841625
204060785
201605065
209853335
208846300
201689745
209816835
209193415
202140155
209136840
197102790
210954540
209245975
197060450
247832465
244851145
244751500
247680625
251788335
209253275
204684935
201972620
201906555
252634770
197711975
201994885
201669670
201975905
201988315
211721770
201918235
204084510
201864945
201725515
206767625
201895240
205186445
205025115
204746985
209467530
212011945
201810560
200789290
247134585
208740815
201908745
201655800
204509005
243516705
201527685
201838300
201990505
202181035
209352555
201658720
247357600
245080365
202014230
201808735
208876230
202094530
244541990
201744860
208050965
202055475
209466070
247425125
254528025
209524470
209569730
209569730
201971890
205091545
202174100
202035765
201969700
202508805
246337060
250132330
209021865
202102195
201759095
207922120
201941595
209291600
201776250
209583600
208360850
200104185
201852170
201617475
196895835
209260940
245909645
201901445
210122705
244442345
251643430
201794135
201878450
210001525
209109100
209242325
204658655
210007000
244663900
204060785
203035865
204771440
202111320
202431060
208218135
209829245
246734910
209512790
201730990
209039020
204756475
204500975
202848255
201500675
209272255
197271055
201718215
201640470
209371170
208900685
209389055
209642365
201793405
209460230
247265620
203958950
251367125
201866040
209435045
204832760
244638350
209613530
204727640
209627035
254573650
206888805
201528415
197273975
204220655
247568205
201671860
206988815
209414240
202008755
201786835
212020340
201725880
251919735
201704710
206960710
206835880
251681755
208336395
201578055
202515375
209307660
201991600
209004345
197240395
204098015
253007435
202082850
246142150
201686825
201544110
204474695
201718945
201709455
202067520
209169325
247146995
248067160
210711450
201752890
204667415
241922385
197832790
205014895
209383215
245436970
244322625
201666750
204211165
207699470
247258685
196891090
201617475
210019045
201970065
247618210
201890860
202182495
247270365
201774060
201691570
202220820
209735805
201659085
206797190
201658720
207223875
201698870
208180905
244424095
209455850
203357065
209354380
245138035
252716530
206276700
196891455
207623185
197253170
209921955
209204000
201620030
209165310
201956925
209404385
209638715
202039780
209576665
202972355
201817130
201662005
210896140
203949095
209306930
197244410
204805750
196901675
201685000
201617475
204693695
201912395
247474035
209700400
244277730
212393005
201185680
204715960
244667915
209433220
203923180
209970865
201866770
201883925
203803095
202766860
209025150
202803725
209560240
202164610
204906855
201962035
245028900
207569895
201405045
247323655
201826620
202179210
209704415
201652515
249907125
252958160
244900420
202031750
204261535
202022990
201698140
202059855
203737395
202225200
201942690
197938640
202020800
201724785
203855655
209148520
201688650
201830635
204449510
203116530
209404385
201674780
245970600
202052920
242442145
202130300
202236150
205015990
196833055
199935920
201735005
212031655
204773995
201597765
243288580
202354775
202273380
208963100
209736535
202032480
209798950
202018610
196644350
245430765
201925170
204936785
209438695
201905825
201648500
201926995
202107305
202281045
209531770
202068615
252559945
201837205
201803625
201458335
202354410
246898795
209997510
202028830
244747850
247230580
247217440
201945610
244584330
203618405
204439655
203206320
201905095
201888305
201653610
204482360
201770045
251549625
196988545
207592525
205677005
201876990
209325180
204734575
244670835
201870055
252198960
209020040
201687190
209596740
208639710
202033210
201914950
202152565
201708725
245385505
203853100
244969040
244524470
200850975
201837935
203345020
201880275
202007295
203960045
201946705
247159040
199824960
244349635
201733910
209058730
204060055
201687190
201999630
201929915
198555855
209986925
252232540
207012175
201692300
201801435
206252245
247230215
202100370
245212860
201627695
209583965
244932175
204751000
209736900
204136705
201617475
202107670
209033910
202197460
202281045
244670835
244740185
197221780
201845600
202028100
204574705
205068915
201977000
209578855
202154390
209569000
197283100
202491285
209494905
201678430
201616380
209595645
202017880
208867470
206716890
209692370
201726975
201680255
205090085
247216710
251551085
201911665
202054745
249413280
204606460
203033675
201991235
201671860
203913325
209333575
204630550
196981245
201788295
252894285
201928455
209374820
208875500
209597470
201677335
212279490
202083945
199858175
209346350
244629955
202099640
202033940
201988680
206637320
201480965
201915315
201657260
244655505
252503005
205067820
204369210
205024020
201983205
211955005
201558710
209109830
202164245
201687190
203939970
239740050
202069345
202065330
252268675
201936485
209510965
201598130
209873410
209145235
209304375
203986325
207467330
209063475
204503895
204755380
203605630
197403915
201680985
244924875
204310445
244590170
212296645
209268970
212312340
240758035
201636820
202010580
201756540
205744165
209162755
204578720
209723030
204176855
201683905
201901445
201826985
247030560
201905095
209312770
252951590
197453190
211990045
244984735
204590765
254832435
209283570
209425190
209074425
201438990
252377080
212961310
206669805
209589440
201716025
201669670
201819685
209075520
244642730
211620665
202201475
201639375
202134315
201822605
251821185
201826255
208931345
246064040
197523635
201966780
206457010
203439190
201678065
248453695
209287585
248234330
209376280
247324750
205095195
204984235
209186115
201959115
202485810
204702455
202269730
209093040
206791350
209218600
210485150
208949230
209129905
204433815
209330290
201771140
209173705
251928130
201962035
209373360
252428545
212414175
208980255
201917870
209664995
255950430
201894875
204732750
201799245
204801370
202016785
209288315
209505125
197233095
252819095
201486805
204648435
252611045
209131365
201781725
209063110
201581340
209435775
205743800
201802165
201640470
201698140
201802165
201739020
252301160
202924540
247374025
254830610
251904405
209174435
197181995
244797125
209739455
207153065
204588940
212153930
201833920
201638645
197330915
206507745
209493445
209615355
206805220
200386330
208983175
209383580
252865815
208950690
201722960
201648500
201782090
253026780
202046715
208959085
202081755
212353585
244493080
202018245
201714565
255333945
209553305
197052055
202010945
197161555
202436535
247576965
244889835
244135745
209671930
197176155
204718880
199017215
201717120
202010215
202421570
209539070
252176330
204492215
201674050
247487175
208967115
201805450
201845600
203968805
204540030
196823930
202050365
202115335
204264455
202227025
197077240
201561630
244346350
206989545
247660915
204663035
202083215
201714565
201772965
209825960
205526625
201858375
196959345
210104455
204718150
246881640
203868795
245543185
201459065
209451105
201651420
207290670
209452930
197175060
244865380
209152535
201781360
204350960
246730165
204879480
202091975
209892025
246419550
209295615
205117095
252277070
202771970
247247370
242662240
202562825
203154855
202086135
201524400
246990410
202174830
204650990
196830500
202785840
244927795
244506950
205011245
202421570
207062545
201770410
201911665
247499950
202045255
201881370
204203865
201927360
209479575
209312405
209860270
201784645
209439790
204661575
201759095
212294455
209232835
201842315
209959185
247346285
201981745
252250790
245430035
201862390
247195905
244966485
202125555
202127745
201532430
201910205
209225535
201671860
210001890
246311510
209942030
247121080
209507680
201802530
203953475
208925870
210315790
202036495
201924075
247191890
201993060
248037960
202265350
241109165
201987220
205028400
201701060
209058365
201758365
201911300
197254630
210430035
209286490
209536150
209344525
251725920
209392340
209091580
201770775
201762745
206834055
204940800
202156215
201854360
201439355
204456810
204469220
202208045
244491985
245652320
196831595
209778875
244932175
201765300
201949260
242696550
244364965
201593020
206323055
201713835
209344525
201946705
201790485
201856550
209606595
201717120
204977300
204680190
244625210
209748215
201562725
199722030
202010215
209633970
209065665
201591925
202036130
201714200
209302550
209461690
246262600
204934960
246148720
201617475
209642000
203600520
196929415
208966385
202178115
245463980
210876430
201742670
209241230
210021965
203763310
201922250
203055575
201729530
209294155
209601850
201501040
204749905
202240895
253284105
199621655
202135775
204814510
208904700
212013770
204852835
250471415
202032115
202016055
204773630
210304840
201777345
244379565
202123365
204561930
252207355
245528950
246587815
202226295
197257915
201828445
202172640
251712415
201726245
210156650
247478050
247553605
209038655
209655870
203957855
200245075
204856850
203783385
209493810
204760125
245081460
203608550
209146695
209757340
209435045
201705805
209470450
247767495
201676240
197307920
209617545
211936025
201765665
201617475
201720405
209234660
201995250
201801435
246902445
209733615
200814840
209666455
247306500
201625140
210253010
247109035
196973580
197169950
209359490
201909840
246517370
244637985
201664560
254795205
251560210
247027640
247571490
245246805
247803995
206959615
210896870
204138530
202164975
201933930
209089755
197157175
209195970
204782755
245039850
197059720
201649960
204763045
245678600
252123040
202020800
246655705
245661810
201219625
202217170
201750700
201617475
202042700
202316085
247318910
202202205
209282110
201758365
209328465
201714565
204062975
201846695
201687920
208269235
201985030
202030655
207354545
247261605
201999630
201549585
246155655
209332115
204735305
202108035
204719245
204279420
201862755
204668145
209024785
209491620
212095530
205001025
209523740
200008190
206244580
202110955
209569730
244918670
245232935
247774065
248176660
204732385
209317880
244612070
201589005
209761720
244482495
205629920
202051825
202201475
204572515
201954370
201690110
209252910
202329955
205125855
201686095
201800705
202186510
209523010
202162785
209319705
210061385
200873240
204978395
201717120
201737195
201990140
201803260
204634565
255813555
209428475
202308055
208775125
201789390
202098910
205065630
200800605
202512455
197463410
201668940
209465340
204685665
209330655
210440620
201823700
207396520
209171150
207387760
244590535
201672955
206499715
197250615
201926630
207464045
209782525
209013835
204546235
201660545
202286885
212429140
204291100
245119420
212321465
209318245
209433220
247244450
205165275
201938675
209104720
212165610
201921155
248613930
244543815
202378135
209762815
205034970
201885750
201746685
200721400
204692965
209032085
208857980
205152135
208205725
209765735
209382120
255293065
204699170
207133720
202021530
201638280
201881005
201606890
204617775
204885685
209620465
209622290
202306230
201918600
202316085
203205955
244598565
206587315
201806545
209440155
209167865
203514015
206803030
203932305
209539800
209197795
201751065
201692300
252148225
202697510
209093040
252788800
201881005
211865945
204921455
205073295
208960180
208912000
199557415
209162755
204189995
209830340
202196730
209744200
204955035
201641200
201583530
245120515
247018150
201798150
205186810
201665290
209332115
245477850
202134315
202504790
209747850
197446620
209457675
197378000
207855325
201703615
205282805
209445995
201641565
196889995
201543745
204845535
203718050
211913760
247708000
201742670
208978065
209481400
200811555
204084875
201845965
204373955
209118955
252229255
201916775
209185020
201555790
196847290
204598795
251736140
208911635
209255830
201759095
199831165
201749605
204360450
204316285
239958320
204990805
244494175
209153265
201815305
206470515
201757270
202216805
204772170
244468260
202270460
201649230
202261335
205082055
209148520
208791550
201765665
209640540
208929155
201763110
200053815
204508275
202064600
209040845
203938145
244444900
201792675
202441280
203258880
209374455
196882695
204702090
202408430
201640470
209221885
209995320
249105950
202087230
209277365
201932105
201702155
209968675
209401465
202320465
201800705
204819255
251898200
209523375
250209710
202654440
251456185
204824365
201706535
203706735
204856850
208952880
210948700
209324450
202294915
201866405
202466465
209195970
205099940
202774525
198861725
209056540
201455050
201735005
245788830
203039150
204754650
209768290
252571625
244621195
201662735
244671930
202083580
209115670
197199515
204525430
201693030
204731655
202709920
204929850
249524605
208634235
209334305
245911105
201944150
201565645
246762650
202047810
207008160
201585720
202891690
247146995
201860565
202236880
194743065
248768690
209018945
201801070
209437965
209558050
200168060
201689745
247959850
201731355
201787200
208914555
209701860
201663100
248719415
209210935
204787865
208304275
202156580
201790120
201744130
245566180
201840855
202244545
201824430
205235355
204418485
244897135
201507245
209303645
203167995
201672955
205486110
258795240
202021530
212318180
202453690
201618570
251465675
198478475
201481695
209576300
197419245
202008755
247377675
244629225
247530245
212117795
206866905
204383810
201707630
201784645
202014230
204610840
201835745
209291235
249505260
202390910
202380325
209580315
209271525
201652880
201966050
209181370
249699075
202207680
209500015
247495935
209765005
209409860
255635435
209850050
251493780
209653315
249283705
201671860
199918400
209017850
250057870
201911300
247213060
209209110
202109860
209891660
209069315
202091975
197007525
209373725
247406875
202154755
246766665
247836480
252294955
244899690
205461655
209068950
202022625
202765035
196999860
196828310
209045225
209478480
209521915
209279920
209551480
251739425
201804355
201644485
201321460
201760190
204882035
209450010
201669305
199799045
201629520
201636455
202018610
204750635
245155920
209297075
201669305
201571485
202102560
201960940
209920495
202137235
209955900
209979990
206980785
206762880
252543520
201678430
207207815
209351095
207472805
209129905
209867570
209241960
203331150
244684340
209155455
202155850
244588345
202039050
251757675
200715925
206259180
201784280
201668210
202157310
201764205
252115740
201681715
206378535
201864215
209473370
253456750
209439425
201751065
209491985
197364495
209759530
209359490
201922250
246523940
247242990
209546005
244600390
209053985
202663930
202156945
196892915
209659155
201837570
246140325
209071505
201759825
202035400
209588345
202008755
204268470
203173105
201906920
209358395
202970530
209265320
206538770
204969270
202798980
201931740
209462785
247503235
201971160
209623385
201810560
204696615
203953110
208993760
209819755
201812385
201854725
204600255
201655435
209950060
209591630
210858180
209988020
204348405
196855320
204646975
202089420
251742710
210883730
244818660
204596605
244802965
204622520
201716755
204042535
247265620
202035765
209361680
201989410
201771870
202027735
205293390
209177720
244457675
244376645
209474830
208770380
202620130
200035200
204665955
201768585
209210935
201641565
208807245
209450010
204619235
201709455
203068350
209766830
202555890
209146330
247739390
204169190
197362670
196886710
204654275
204551710
201878085
202086135
204263360
204226860
196904230
245094965
204883130
201730625
209579585
202081025
244974515
206804855
247209775
209070775
201869690
209041940
197780230
201714200
202004740
203708925
201825525
208932805
201818225
247547765
202003280
201686095
204885320
206700465
209334670
197034170
244657330
201636455
247498855
244623385
203917705
201940500
201797055
202465735
201960575
196895105
210557055
209339415
197099870
204753190
202581440
201565280
201983205
204981315
247659820
209401465
201715660
247809835
201803625
209402195
202102925
208321065
252188375
205057965
251952585
204590400
200057830
205080595
204822540
244609150
204144370
202351855
202279950
201981745
199640270
201821875
209042305
252333645
204945545
201960210
199588440
201970795
202296740
203724985
201933200
209393800
201774060
204659020
209362775
201726975
204899555
202715395
201759460
210069780
201935755
201992330
201827715
201684635
208968940
201952545
203402325
204054945
202113875
201739385
201689015
209525930
244812090
209361680
205079135
197227985
209676675
208705775
209175530
209784715
252932610
201650325
205616050
252628565
204883860
206371600
209340875
201701425
201940865
203076015
204663035
204158240
204204230
209243055
211489265
201874435
210109565
212115240
242016555
247039320
209210205
202904100
201684635
207170220
202204030
208930250
201918600
202192350
201926265
209361680
202288345
209286490
203959315
201443370
245093140
209112385
209075520
209028800
209514980
201921155
209451470
209248530
201664560
204444035
252287290
208253540
202894610
207109995
210021600
201972620
205083515
201884290
247599595
203407800
209609880
196865905
201633900
201958385
210437700
254809440
209782160
202095625
201749605
201913125
201852170
244736170
201887575
201724785
201894875
201787200
202115335
201908745
201631345
246522115
196884885
204143275
202029195
201670035
202699335
209340510
209406575
202002915
201613825
202720870
201682810
203548325
202248925
245038390
201672955
210070510
208878420
204800640
209450740
203269830
197426545
249010685
204826190
247120350
202024085
209793840
207862260
201694855
201919695
248121545
251893455
202023720
244656965
202285425
209131365
209276270
244925240
204682380
208990840
204987885
201652880
209227725
203547595
201706535
247241895
203042800
209049240
251232440
203450140
252561405
209288315
207182630
202058395
201868230
212448120
204313730
209110195
201816400
204666320
201681350
209589075
209969405
204740780
201836840
209548195
208793010
202131395
209356935
252860705
201665290
204696615
252277070
203074920
202094530
209682880
204339280
251960980
201658720
209883630
201751065
201506150
202003280
207256725
251885060
204836045
244545640
252469790
247933570
246922885
209558780
209283935
202089055
244798950
212022530
208131265
209829245
201617475
209340875
201739385
202383610
201784645
201822605
201998170
203911500
201962765
208837175
209556955
244709160
201820050
200151270
203026375
209119320
201637550
204511195
201934295
204608285
244751135
204925105
245527125
204647705
245890300
198426645
209608420
201814210
209730695
202011675
201892320
197287115
209392705
201916775
203813680
251373695
204688585
245081460
201655800
201891590
204408995
204299130
252332185
209562795
201931740
202221185
201682080
244721205
204072465
201718580
204836045
201581705
209321165
245039120
202092340
247467830
209642000
247360885
247008295
245340245
205314925
202023720
203752725
247186050
201825890
204667050
202113510
246725055
201739020
202155485
204776185
201767125
202378135
204078670
202671960
205078040
244592360
201716755
202340905
244522645
204468490
202468655
201962400
204621060
247471845
201798515
204448050
202424125
240284995
196721730
209336860
204268470
209414605
209325180
202350395
209260575
209474100
201970065
201669670
201774060
209577030
252342040
203392470
209365695
204595145
201722595
201636455
209286490
201987220
245566545
207303080
201575865
209443075
247780270
201538270
204181235
204978760
209927065
247997445
245539170
201662005
204593685
252492420
208711250
209301820
209321895
201835015
209322625
209350000
209654045
204914885
201875530
209324085
201982840
201633535
252302620
201846330
246850980
201770045
209659155
202216440
202288345
201728800
205044460
204633835
201775520
197084175
201687190
202209870
197463410
209127350
248619040
200190325
209034275
209459500
201623680
201933930
246978365
208986825
238691405
204430530
204882035
206817265
201866040
209410955
251596710
209321165
201915680
209013835
209202540
211893320
210135480
207051960
205433915
201684635
251623720
244368250
201861295
248010585
201916045
247906560
202021165
209110925
201697410
209422635
202005835
209135380
209551115
201865310
203271655
204727275
209163120
201771140
201660180
247740120
204206055
202110590
197006430
201879545
209540530
247403955
201601780
205759860
201714930
201956195
244677040
209338685
207595445
209668280
202087960
209834720
209307295
201110490
204963065
203856750
201794865
202727440
209008725
209023690
209404750
206884790
204828015
201913125
209341970
209007630
245009190
204381255
202409525
206936255
201545570
209303280
202438725
196956060
245265420
201687190
204872545
209652950
202049270
209450010
199307390
201918600
204012240
207621725
209520455
209166405
201955465
209205095
201754715
196976500
202940965
201262330
201673685
254498095
201856550
200092870
202353680
240251415
201965685
209343065
197005700
209295615
201958750
252311015
201705440
203055940
201988315
201543015
209151075
208941565
201762380
209281380
254372900
204549885
206898295
204658290
201760555
209679230
201895605
201077275
245043865
201714930
244639080
245172345
201604335
201446655
202783650
201658720
204801735
244520820
201816765
209556225
247036400
207522810
201802530
201689015
212208680
202236880
201850345
203313265
209594915
201058295
201755810
209039385
204168095
209355840
209877790
209947870
205314560
201740845
244890930
209656965
245598300
202309880
202006200
202125555
244832530
201975905
209967215
204917075
246536350
203335530
202072630
209125160
209416795
202045985
202018245
252185455
201907650
248186880
204706835
247024720
202010945
207376445
204372130
201735735
209113845
209755880
209712080
202190890
202400035
209145600
244482130
201698870
202125920
201624410
201926265
208383480
245386235
201804720
246927995
247050635
244866475
201984300
203718415
201988680
201998900
201862390
202424125
204814145
208975145
204664860
244620830
204686030
252482200
201701790
205021465
253447625
201791215
201985760
209290870
201927725
209360950
247318545
201716755
246135945
202174100
248091615
201716025
208348805
245694295
209664630
209470815
207112915
209232835
254906530
244758800
201745225
205378800
202223010
202375945
204763045
201919695
209340145
201695950
204152035
252271595
201913490
244929255
209452930
201474030
244924145
207616250
205448150
201949625
253138105
202033575
202045985
247166340
199668375
204655005
201989775
202091610
209516075
210220890
201641200
201867500
204691140
201985030
203160695
209710255
201724420
210876430
203280050
206851210
201686460
244607325
201993790
202332145
204728005
209254005
209774130
201918965
244959185
207503465
210577860
201970065
201977730
209753690
209613530
201748145
201846330
202409525
209118590
201636455
251831405
209382485
252683680
245255930
209416430
203565115
204879480
208826225
201871880
202030655
244596375
201928820
201837570
209111655
201982475
247151740
209197430
201732815
201669305
209790555
202242720
245107740
209427745
209973420
201715295
201668575
209376280
252855595
210060290
204199485
203119815
246571025
209557320
200755710
201982475
201787565
198251080
201821510
203314360
209157280
202268270
209122970
199908910
204772535
209916115
245960380
247400670
244502205
208742640
202512090
202215710
209441615
247706175
209639445
201858010
200042500
209073695
204635660
201587180
208710155
247933570
202355870
203351590
209297805
209604405
201637550
201497390
203390280
209932905
201941230
245312870
201716025
251608755
209271890
209381025
209400370
201638280
202805915
250847730
201967510
252329630
201699965
252237650
209092675
203124925
210191325
244745295
208931710
205648170
201860565
202090880
244919765
253267680
242799115
201568565
244542720
201852900
201502135
197480200
209273350
199812185
252012080
201951815
201863485
204726180
246283770
211710455
246838935
201762745
209058365
202068250
201445560
202315355
209249260
209246340
209071870
245047880
201851440
202081755
207043930
201763840
202036130
252346785
208925870
247213790
200969600
203145365
201691205
202104385
246834920
202644220
201743035
202289805
207020570
247323290
204745890
201730625
196939270
247667485
211750970
209523740
205025115
244642365
204060420
201768585
205129870
201880275
209209475
209406940
201845965
203553435
199914020
203602345
203911500
201748875
249650895
197318505
212359790
201982475
199683705
200849880
202492745
202113875
250544780
206048210
201774790
212021800
209313500
204721070
201692300
252206260
202052555
203035135
204594415
247924080
209537610
201822605
204682015
201794135
209000330
201909110
202068615
201449940
